/*
Licensed to the Apache Software Foundation (ASF) under one
or more contributor license agreements.  See the NOTICE file
distributed with this work for additional information
regarding copyright ownership.  The ASF licenses this file
to you under the Apache License, Version 2.0 (the
"License"); you may not use this file except in compliance
with the License.  You may obtain a copy of the License at

  http://www.apache.org/licenses/LICENSE-2.0

Unless required by applicable law or agreed to in writing,
software distributed under the License is distributed on an
"AS IS" BASIS, WITHOUT WARRANTIES OR CONDITIONS OF ANY
KIND, either express or implied.  See the License for the
specific language governing permissions and limitations
under the License.
*/

static constexpr int positionOf1Lookup[256] = {0,1,2,1,3,1,2,1,4,1,2,1,3,1,2,1,5,1,2,1,3,1,2,1,4,1,2,1,3,1,2,1,6,1,2,1,3,1,2,1,4,1,2,1,3,1,2,1,5,1,2,1,3,1,2,1,4,1,2,1,3,1,2,1,7,1,2,1,3,1,2,1,4,1,2,1,3,1,2,1,5,1,2,1,3,1,2,1,4,1,2,1,3,1,2,1,6,1,2,1,3,1,2,1,4,1,2,1,3,1,2,1,5,1,2,1,3,1,2,1,4,1,2,1,3,1,2,1,8,1,2,1,3,1,2,1,4,1,2,1,3,1,2,1,5,1,2,1,3,1,2,1,4,1,2,1,3,1,2,1,6,1,2,1,3,1,2,1,4,1,2,1,3,1,2,1,5,1,2,1,3,1,2,1,4,1,2,1,3,1,2,1,7,1,2,1,3,1,2,1,4,1,2,1,3,1,2,1,5,1,2,1,3,1,2,1,4,1,2,1,3,1,2,1,6,1,2,1,3,1,2,1,4,1,2,1,3,1,2,1,5,1,2,1,3,1,2,1,4,1,2,1,3,1,2,1};

/*
  // we have to keep track of the number of zeroes in each of the two halves of the byte register (0, 1, or 2)
  private final static int[] numZeroLookup = new int[256];

  static {
    for (int i = 0; i < numZeroLookup.length; ++i) {
      numZeroLookup[i] = (((i & 0xf0) == 0) ? 1 : 0) + (((i & 0x0f) == 0) ? 1 : 0);
    }
  }
*/

static constexpr int numZeroLookup[256] = {2,1,1,1,1,1,1,1,1,1,1,1,1,1,1,1,1,0,0,0,0,0,0,0,0,0,0,0,0,0,0,0,1,0,0,0,0,0,0,0,0,0,0,0,0,0,0,0,1,0,0,0,0,0,0,0,0,0,0,0,0,0,0,0,1,0,0,0,0,0,0,0,0,0,0,0,0,0,0,0,1,0,0,0,0,0,0,0,0,0,0,0,0,0,0,0,1,0,0,0,0,0,0,0,0,0,0,0,0,0,0,0,1,0,0,0,0,0,0,0,0,0,0,0,0,0,0,0,1,0,0,0,0,0,0,0,0,0,0,0,0,0,0,0,1,0,0,0,0,0,0,0,0,0,0,0,0,0,0,0,1,0,0,0,0,0,0,0,0,0,0,0,0,0,0,0,1,0,0,0,0,0,0,0,0,0,0,0,0,0,0,0,1,0,0,0,0,0,0,0,0,0,0,0,0,0,0,0,1,0,0,0,0,0,0,0,0,0,0,0,0,0,0,0,1,0,0,0,0,0,0,0,0,0,0,0,0,0,0,0,1,0,0,0,0,0,0,0,0,0,0,0,0,0,0,0,};

/**
  private final static double[][] minNumRegisterLookup = new double[64][256];

  static {
    for (int registerOffset = 0; registerOffset < 64; ++registerOffset) {
      for (int register = 0; register < 256; ++register) {
        final int upper = ((register & 0xf0) >> 4) + registerOffset;
        final int lower = (register & 0x0f) + registerOffset;
        minNumRegisterLookup[registerOffset][register] = 1.0d / Math.pow(2, upper) + 1.0d / Math.pow(2, lower);
      }
    }
  }
*/

static constexpr double minNumRegisterLookup[64][256] = {{2,1.5,1.25,1.125,1.0625,1.03125,1.01562,1.00781,1.00391,1.00195,1.00098,1.00049,1.00024,1.00012,1.00006,1.00003,1.5,1,0.75,0.625,0.5625,0.53125,0.515625,0.507812,0.503906,0.501953,0.500977,0.500488,0.500244,0.500122,0.500061,0.500031,1.25,0.75,0.5,0.375,0.3125,0.28125,0.265625,0.257812,0.253906,0.251953,0.250977,0.250488,0.250244,0.250122,0.250061,0.250031,1.125,0.625,0.375,0.25,0.1875,0.15625,0.140625,0.132812,0.128906,0.126953,0.125977,0.125488,0.125244,0.125122,0.125061,0.125031,1.0625,0.5625,0.3125,0.1875,0.125,0.09375,0.078125,0.0703125,0.0664062,0.0644531,0.0634766,0.0629883,0.0627441,0.0626221,0.062561,0.0625305,1.03125,0.53125,0.28125,0.15625,0.09375,0.0625,0.046875,0.0390625,0.0351562,0.0332031,0.0322266,0.0317383,0.0314941,0.0313721,0.031311,0.0312805,1.01562,0.515625,0.265625,0.140625,0.078125,0.046875,0.03125,0.0234375,0.0195312,0.0175781,0.0166016,0.0161133,0.0158691,0.0157471,0.015686,0.0156555,1.00781,0.507812,0.257812,0.132812,0.0703125,0.0390625,0.0234375,0.015625,0.0117188,0.00976562,0.00878906,0.00830078,0.00805664,0.00793457,0.00787354,0.00784302,1.00391,0.503906,0.253906,0.128906,0.0664062,0.0351562,0.0195312,0.0117188,0.0078125,0.00585938,0.00488281,0.00439453,0.00415039,0.00402832,0.00396729,0.00393677,1.00195,0.501953,0.251953,0.126953,0.0644531,0.0332031,0.0175781,0.00976562,0.00585938,0.00390625,0.00292969,0.00244141,0.00219727,0.0020752,0.00201416,0.00198364,1.00098,0.500977,0.250977,0.125977,0.0634766,0.0322266,0.0166016,0.00878906,0.00488281,0.00292969,0.00195312,0.00146484,0.0012207,0.00109863,0.0010376,0.00100708,1.00049,0.500488,0.250488,0.125488,0.0629883,0.0317383,0.0161133,0.00830078,0.00439453,0.00244141,0.00146484,0.000976562,0.000732422,0.000610352,0.000549316,0.000518799,1.00024,0.500244,0.250244,0.125244,0.0627441,0.0314941,0.0158691,0.00805664,0.00415039,0.00219727,0.0012207,0.000732422,0.000488281,0.000366211,0.000305176,0.000274658,1.00012,0.500122,0.250122,0.125122,0.0626221,0.0313721,0.0157471,0.00793457,0.00402832,0.0020752,0.00109863,0.000610352,0.000366211,0.000244141,0.000183105,0.000152588,1.00006,0.500061,0.250061,0.125061,0.062561,0.031311,0.015686,0.00787354,0.00396729,0.00201416,0.0010376,0.000549316,0.000305176,0.000183105,0.00012207,9.15527e-05,1.00003,0.500031,0.250031,0.125031,0.0625305,0.0312805,0.0156555,0.00784302,0.00393677,0.00198364,0.00100708,0.000518799,0.000274658,0.000152588,9.15527e-05,6.10352e-05,},
{1,0.75,0.625,0.5625,0.53125,0.515625,0.507812,0.503906,0.501953,0.500977,0.500488,0.500244,0.500122,0.500061,0.500031,0.500015,0.75,0.5,0.375,0.3125,0.28125,0.265625,0.257812,0.253906,0.251953,0.250977,0.250488,0.250244,0.250122,0.250061,0.250031,0.250015,0.625,0.375,0.25,0.1875,0.15625,0.140625,0.132812,0.128906,0.126953,0.125977,0.125488,0.125244,0.125122,0.125061,0.125031,0.125015,0.5625,0.3125,0.1875,0.125,0.09375,0.078125,0.0703125,0.0664062,0.0644531,0.0634766,0.0629883,0.0627441,0.0626221,0.062561,0.0625305,0.0625153,0.53125,0.28125,0.15625,0.09375,0.0625,0.046875,0.0390625,0.0351562,0.0332031,0.0322266,0.0317383,0.0314941,0.0313721,0.031311,0.0312805,0.0312653,0.515625,0.265625,0.140625,0.078125,0.046875,0.03125,0.0234375,0.0195312,0.0175781,0.0166016,0.0161133,0.0158691,0.0157471,0.015686,0.0156555,0.0156403,0.507812,0.257812,0.132812,0.0703125,0.0390625,0.0234375,0.015625,0.0117188,0.00976562,0.00878906,0.00830078,0.00805664,0.00793457,0.00787354,0.00784302,0.00782776,0.503906,0.253906,0.128906,0.0664062,0.0351562,0.0195312,0.0117188,0.0078125,0.00585938,0.00488281,0.00439453,0.00415039,0.00402832,0.00396729,0.00393677,0.00392151,0.501953,0.251953,0.126953,0.0644531,0.0332031,0.0175781,0.00976562,0.00585938,0.00390625,0.00292969,0.00244141,0.00219727,0.0020752,0.00201416,0.00198364,0.00196838,0.500977,0.250977,0.125977,0.0634766,0.0322266,0.0166016,0.00878906,0.00488281,0.00292969,0.00195312,0.00146484,0.0012207,0.00109863,0.0010376,0.00100708,0.000991821,0.500488,0.250488,0.125488,0.0629883,0.0317383,0.0161133,0.00830078,0.00439453,0.00244141,0.00146484,0.000976562,0.000732422,0.000610352,0.000549316,0.000518799,0.00050354,0.500244,0.250244,0.125244,0.0627441,0.0314941,0.0158691,0.00805664,0.00415039,0.00219727,0.0012207,0.000732422,0.000488281,0.000366211,0.000305176,0.000274658,0.000259399,0.500122,0.250122,0.125122,0.0626221,0.0313721,0.0157471,0.00793457,0.00402832,0.0020752,0.00109863,0.000610352,0.000366211,0.000244141,0.000183105,0.000152588,0.000137329,0.500061,0.250061,0.125061,0.062561,0.031311,0.015686,0.00787354,0.00396729,0.00201416,0.0010376,0.000549316,0.000305176,0.000183105,0.00012207,9.15527e-05,7.62939e-05,0.500031,0.250031,0.125031,0.0625305,0.0312805,0.0156555,0.00784302,0.00393677,0.00198364,0.00100708,0.000518799,0.000274658,0.000152588,9.15527e-05,6.10352e-05,4.57764e-05,0.500015,0.250015,0.125015,0.0625153,0.0312653,0.0156403,0.00782776,0.00392151,0.00196838,0.000991821,0.00050354,0.000259399,0.000137329,7.62939e-05,4.57764e-05,3.05176e-05,},
{0.5,0.375,0.3125,0.28125,0.265625,0.257812,0.253906,0.251953,0.250977,0.250488,0.250244,0.250122,0.250061,0.250031,0.250015,0.250008,0.375,0.25,0.1875,0.15625,0.140625,0.132812,0.128906,0.126953,0.125977,0.125488,0.125244,0.125122,0.125061,0.125031,0.125015,0.125008,0.3125,0.1875,0.125,0.09375,0.078125,0.0703125,0.0664062,0.0644531,0.0634766,0.0629883,0.0627441,0.0626221,0.062561,0.0625305,0.0625153,0.0625076,0.28125,0.15625,0.09375,0.0625,0.046875,0.0390625,0.0351562,0.0332031,0.0322266,0.0317383,0.0314941,0.0313721,0.031311,0.0312805,0.0312653,0.0312576,0.265625,0.140625,0.078125,0.046875,0.03125,0.0234375,0.0195312,0.0175781,0.0166016,0.0161133,0.0158691,0.0157471,0.015686,0.0156555,0.0156403,0.0156326,0.257812,0.132812,0.0703125,0.0390625,0.0234375,0.015625,0.0117188,0.00976562,0.00878906,0.00830078,0.00805664,0.00793457,0.00787354,0.00784302,0.00782776,0.00782013,0.253906,0.128906,0.0664062,0.0351562,0.0195312,0.0117188,0.0078125,0.00585938,0.00488281,0.00439453,0.00415039,0.00402832,0.00396729,0.00393677,0.00392151,0.00391388,0.251953,0.126953,0.0644531,0.0332031,0.0175781,0.00976562,0.00585938,0.00390625,0.00292969,0.00244141,0.00219727,0.0020752,0.00201416,0.00198364,0.00196838,0.00196075,0.250977,0.125977,0.0634766,0.0322266,0.0166016,0.00878906,0.00488281,0.00292969,0.00195312,0.00146484,0.0012207,0.00109863,0.0010376,0.00100708,0.000991821,0.000984192,0.250488,0.125488,0.0629883,0.0317383,0.0161133,0.00830078,0.00439453,0.00244141,0.00146484,0.000976562,0.000732422,0.000610352,0.000549316,0.000518799,0.00050354,0.000495911,0.250244,0.125244,0.0627441,0.0314941,0.0158691,0.00805664,0.00415039,0.00219727,0.0012207,0.000732422,0.000488281,0.000366211,0.000305176,0.000274658,0.000259399,0.00025177,0.250122,0.125122,0.0626221,0.0313721,0.0157471,0.00793457,0.00402832,0.0020752,0.00109863,0.000610352,0.000366211,0.000244141,0.000183105,0.000152588,0.000137329,0.0001297,0.250061,0.125061,0.062561,0.031311,0.015686,0.00787354,0.00396729,0.00201416,0.0010376,0.000549316,0.000305176,0.000183105,0.00012207,9.15527e-05,7.62939e-05,6.86646e-05,0.250031,0.125031,0.0625305,0.0312805,0.0156555,0.00784302,0.00393677,0.00198364,0.00100708,0.000518799,0.000274658,0.000152588,9.15527e-05,6.10352e-05,4.57764e-05,3.8147e-05,0.250015,0.125015,0.0625153,0.0312653,0.0156403,0.00782776,0.00392151,0.00196838,0.000991821,0.00050354,0.000259399,0.000137329,7.62939e-05,4.57764e-05,3.05176e-05,2.28882e-05,0.250008,0.125008,0.0625076,0.0312576,0.0156326,0.00782013,0.00391388,0.00196075,0.000984192,0.000495911,0.00025177,0.0001297,6.86646e-05,3.8147e-05,2.28882e-05,1.52588e-05,},
{0.25,0.1875,0.15625,0.140625,0.132812,0.128906,0.126953,0.125977,0.125488,0.125244,0.125122,0.125061,0.125031,0.125015,0.125008,0.125004,0.1875,0.125,0.09375,0.078125,0.0703125,0.0664062,0.0644531,0.0634766,0.0629883,0.0627441,0.0626221,0.062561,0.0625305,0.0625153,0.0625076,0.0625038,0.15625,0.09375,0.0625,0.046875,0.0390625,0.0351562,0.0332031,0.0322266,0.0317383,0.0314941,0.0313721,0.031311,0.0312805,0.0312653,0.0312576,0.0312538,0.140625,0.078125,0.046875,0.03125,0.0234375,0.0195312,0.0175781,0.0166016,0.0161133,0.0158691,0.0157471,0.015686,0.0156555,0.0156403,0.0156326,0.0156288,0.132812,0.0703125,0.0390625,0.0234375,0.015625,0.0117188,0.00976562,0.00878906,0.00830078,0.00805664,0.00793457,0.00787354,0.00784302,0.00782776,0.00782013,0.00781631,0.128906,0.0664062,0.0351562,0.0195312,0.0117188,0.0078125,0.00585938,0.00488281,0.00439453,0.00415039,0.00402832,0.00396729,0.00393677,0.00392151,0.00391388,0.00391006,0.126953,0.0644531,0.0332031,0.0175781,0.00976562,0.00585938,0.00390625,0.00292969,0.00244141,0.00219727,0.0020752,0.00201416,0.00198364,0.00196838,0.00196075,0.00195694,0.125977,0.0634766,0.0322266,0.0166016,0.00878906,0.00488281,0.00292969,0.00195312,0.00146484,0.0012207,0.00109863,0.0010376,0.00100708,0.000991821,0.000984192,0.000980377,0.125488,0.0629883,0.0317383,0.0161133,0.00830078,0.00439453,0.00244141,0.00146484,0.000976562,0.000732422,0.000610352,0.000549316,0.000518799,0.00050354,0.000495911,0.000492096,0.125244,0.0627441,0.0314941,0.0158691,0.00805664,0.00415039,0.00219727,0.0012207,0.000732422,0.000488281,0.000366211,0.000305176,0.000274658,0.000259399,0.00025177,0.000247955,0.125122,0.0626221,0.0313721,0.0157471,0.00793457,0.00402832,0.0020752,0.00109863,0.000610352,0.000366211,0.000244141,0.000183105,0.000152588,0.000137329,0.0001297,0.000125885,0.125061,0.062561,0.031311,0.015686,0.00787354,0.00396729,0.00201416,0.0010376,0.000549316,0.000305176,0.000183105,0.00012207,9.15527e-05,7.62939e-05,6.86646e-05,6.48499e-05,0.125031,0.0625305,0.0312805,0.0156555,0.00784302,0.00393677,0.00198364,0.00100708,0.000518799,0.000274658,0.000152588,9.15527e-05,6.10352e-05,4.57764e-05,3.8147e-05,3.43323e-05,0.125015,0.0625153,0.0312653,0.0156403,0.00782776,0.00392151,0.00196838,0.000991821,0.00050354,0.000259399,0.000137329,7.62939e-05,4.57764e-05,3.05176e-05,2.28882e-05,1.90735e-05,0.125008,0.0625076,0.0312576,0.0156326,0.00782013,0.00391388,0.00196075,0.000984192,0.000495911,0.00025177,0.0001297,6.86646e-05,3.8147e-05,2.28882e-05,1.52588e-05,1.14441e-05,0.125004,0.0625038,0.0312538,0.0156288,0.00781631,0.00391006,0.00195694,0.000980377,0.000492096,0.000247955,0.000125885,6.48499e-05,3.43323e-05,1.90735e-05,1.14441e-05,7.62939e-06,},
{0.125,0.09375,0.078125,0.0703125,0.0664062,0.0644531,0.0634766,0.0629883,0.0627441,0.0626221,0.062561,0.0625305,0.0625153,0.0625076,0.0625038,0.0625019,0.09375,0.0625,0.046875,0.0390625,0.0351562,0.0332031,0.0322266,0.0317383,0.0314941,0.0313721,0.031311,0.0312805,0.0312653,0.0312576,0.0312538,0.0312519,0.078125,0.046875,0.03125,0.0234375,0.0195312,0.0175781,0.0166016,0.0161133,0.0158691,0.0157471,0.015686,0.0156555,0.0156403,0.0156326,0.0156288,0.0156269,0.0703125,0.0390625,0.0234375,0.015625,0.0117188,0.00976562,0.00878906,0.00830078,0.00805664,0.00793457,0.00787354,0.00784302,0.00782776,0.00782013,0.00781631,0.00781441,0.0664062,0.0351562,0.0195312,0.0117188,0.0078125,0.00585938,0.00488281,0.00439453,0.00415039,0.00402832,0.00396729,0.00393677,0.00392151,0.00391388,0.00391006,0.00390816,0.0644531,0.0332031,0.0175781,0.00976562,0.00585938,0.00390625,0.00292969,0.00244141,0.00219727,0.0020752,0.00201416,0.00198364,0.00196838,0.00196075,0.00195694,0.00195503,0.0634766,0.0322266,0.0166016,0.00878906,0.00488281,0.00292969,0.00195312,0.00146484,0.0012207,0.00109863,0.0010376,0.00100708,0.000991821,0.000984192,0.000980377,0.00097847,0.0629883,0.0317383,0.0161133,0.00830078,0.00439453,0.00244141,0.00146484,0.000976562,0.000732422,0.000610352,0.000549316,0.000518799,0.00050354,0.000495911,0.000492096,0.000490189,0.0627441,0.0314941,0.0158691,0.00805664,0.00415039,0.00219727,0.0012207,0.000732422,0.000488281,0.000366211,0.000305176,0.000274658,0.000259399,0.00025177,0.000247955,0.000246048,0.0626221,0.0313721,0.0157471,0.00793457,0.00402832,0.0020752,0.00109863,0.000610352,0.000366211,0.000244141,0.000183105,0.000152588,0.000137329,0.0001297,0.000125885,0.000123978,0.062561,0.031311,0.015686,0.00787354,0.00396729,0.00201416,0.0010376,0.000549316,0.000305176,0.000183105,0.00012207,9.15527e-05,7.62939e-05,6.86646e-05,6.48499e-05,6.29425e-05,0.0625305,0.0312805,0.0156555,0.00784302,0.00393677,0.00198364,0.00100708,0.000518799,0.000274658,0.000152588,9.15527e-05,6.10352e-05,4.57764e-05,3.8147e-05,3.43323e-05,3.24249e-05,0.0625153,0.0312653,0.0156403,0.00782776,0.00392151,0.00196838,0.000991821,0.00050354,0.000259399,0.000137329,7.62939e-05,4.57764e-05,3.05176e-05,2.28882e-05,1.90735e-05,1.71661e-05,0.0625076,0.0312576,0.0156326,0.00782013,0.00391388,0.00196075,0.000984192,0.000495911,0.00025177,0.0001297,6.86646e-05,3.8147e-05,2.28882e-05,1.52588e-05,1.14441e-05,9.53674e-06,0.0625038,0.0312538,0.0156288,0.00781631,0.00391006,0.00195694,0.000980377,0.000492096,0.000247955,0.000125885,6.48499e-05,3.43323e-05,1.90735e-05,1.14441e-05,7.62939e-06,5.72205e-06,0.0625019,0.0312519,0.0156269,0.00781441,0.00390816,0.00195503,0.00097847,0.000490189,0.000246048,0.000123978,6.29425e-05,3.24249e-05,1.71661e-05,9.53674e-06,5.72205e-06,3.8147e-06,},
{0.0625,0.046875,0.0390625,0.0351562,0.0332031,0.0322266,0.0317383,0.0314941,0.0313721,0.031311,0.0312805,0.0312653,0.0312576,0.0312538,0.0312519,0.031251,0.046875,0.03125,0.0234375,0.0195312,0.0175781,0.0166016,0.0161133,0.0158691,0.0157471,0.015686,0.0156555,0.0156403,0.0156326,0.0156288,0.0156269,0.015626,0.0390625,0.0234375,0.015625,0.0117188,0.00976562,0.00878906,0.00830078,0.00805664,0.00793457,0.00787354,0.00784302,0.00782776,0.00782013,0.00781631,0.00781441,0.00781345,0.0351562,0.0195312,0.0117188,0.0078125,0.00585938,0.00488281,0.00439453,0.00415039,0.00402832,0.00396729,0.00393677,0.00392151,0.00391388,0.00391006,0.00390816,0.0039072,0.0332031,0.0175781,0.00976562,0.00585938,0.00390625,0.00292969,0.00244141,0.00219727,0.0020752,0.00201416,0.00198364,0.00196838,0.00196075,0.00195694,0.00195503,0.00195408,0.0322266,0.0166016,0.00878906,0.00488281,0.00292969,0.00195312,0.00146484,0.0012207,0.00109863,0.0010376,0.00100708,0.000991821,0.000984192,0.000980377,0.00097847,0.000977516,0.0317383,0.0161133,0.00830078,0.00439453,0.00244141,0.00146484,0.000976562,0.000732422,0.000610352,0.000549316,0.000518799,0.00050354,0.000495911,0.000492096,0.000490189,0.000489235,0.0314941,0.0158691,0.00805664,0.00415039,0.00219727,0.0012207,0.000732422,0.000488281,0.000366211,0.000305176,0.000274658,0.000259399,0.00025177,0.000247955,0.000246048,0.000245094,0.0313721,0.0157471,0.00793457,0.00402832,0.0020752,0.00109863,0.000610352,0.000366211,0.000244141,0.000183105,0.000152588,0.000137329,0.0001297,0.000125885,0.000123978,0.000123024,0.031311,0.015686,0.00787354,0.00396729,0.00201416,0.0010376,0.000549316,0.000305176,0.000183105,0.00012207,9.15527e-05,7.62939e-05,6.86646e-05,6.48499e-05,6.29425e-05,6.19888e-05,0.0312805,0.0156555,0.00784302,0.00393677,0.00198364,0.00100708,0.000518799,0.000274658,0.000152588,9.15527e-05,6.10352e-05,4.57764e-05,3.8147e-05,3.43323e-05,3.24249e-05,3.14713e-05,0.0312653,0.0156403,0.00782776,0.00392151,0.00196838,0.000991821,0.00050354,0.000259399,0.000137329,7.62939e-05,4.57764e-05,3.05176e-05,2.28882e-05,1.90735e-05,1.71661e-05,1.62125e-05,0.0312576,0.0156326,0.00782013,0.00391388,0.00196075,0.000984192,0.000495911,0.00025177,0.0001297,6.86646e-05,3.8147e-05,2.28882e-05,1.52588e-05,1.14441e-05,9.53674e-06,8.58307e-06,0.0312538,0.0156288,0.00781631,0.00391006,0.00195694,0.000980377,0.000492096,0.000247955,0.000125885,6.48499e-05,3.43323e-05,1.90735e-05,1.14441e-05,7.62939e-06,5.72205e-06,4.76837e-06,0.0312519,0.0156269,0.00781441,0.00390816,0.00195503,0.00097847,0.000490189,0.000246048,0.000123978,6.29425e-05,3.24249e-05,1.71661e-05,9.53674e-06,5.72205e-06,3.8147e-06,2.86102e-06,0.031251,0.015626,0.00781345,0.0039072,0.00195408,0.000977516,0.000489235,0.000245094,0.000123024,6.19888e-05,3.14713e-05,1.62125e-05,8.58307e-06,4.76837e-06,2.86102e-06,1.90735e-06,},
{0.03125,0.0234375,0.0195312,0.0175781,0.0166016,0.0161133,0.0158691,0.0157471,0.015686,0.0156555,0.0156403,0.0156326,0.0156288,0.0156269,0.015626,0.0156255,0.0234375,0.015625,0.0117188,0.00976562,0.00878906,0.00830078,0.00805664,0.00793457,0.00787354,0.00784302,0.00782776,0.00782013,0.00781631,0.00781441,0.00781345,0.00781298,0.0195312,0.0117188,0.0078125,0.00585938,0.00488281,0.00439453,0.00415039,0.00402832,0.00396729,0.00393677,0.00392151,0.00391388,0.00391006,0.00390816,0.0039072,0.00390673,0.0175781,0.00976562,0.00585938,0.00390625,0.00292969,0.00244141,0.00219727,0.0020752,0.00201416,0.00198364,0.00196838,0.00196075,0.00195694,0.00195503,0.00195408,0.0019536,0.0166016,0.00878906,0.00488281,0.00292969,0.00195312,0.00146484,0.0012207,0.00109863,0.0010376,0.00100708,0.000991821,0.000984192,0.000980377,0.00097847,0.000977516,0.000977039,0.0161133,0.00830078,0.00439453,0.00244141,0.00146484,0.000976562,0.000732422,0.000610352,0.000549316,0.000518799,0.00050354,0.000495911,0.000492096,0.000490189,0.000489235,0.000488758,0.0158691,0.00805664,0.00415039,0.00219727,0.0012207,0.000732422,0.000488281,0.000366211,0.000305176,0.000274658,0.000259399,0.00025177,0.000247955,0.000246048,0.000245094,0.000244617,0.0157471,0.00793457,0.00402832,0.0020752,0.00109863,0.000610352,0.000366211,0.000244141,0.000183105,0.000152588,0.000137329,0.0001297,0.000125885,0.000123978,0.000123024,0.000122547,0.015686,0.00787354,0.00396729,0.00201416,0.0010376,0.000549316,0.000305176,0.000183105,0.00012207,9.15527e-05,7.62939e-05,6.86646e-05,6.48499e-05,6.29425e-05,6.19888e-05,6.1512e-05,0.0156555,0.00784302,0.00393677,0.00198364,0.00100708,0.000518799,0.000274658,0.000152588,9.15527e-05,6.10352e-05,4.57764e-05,3.8147e-05,3.43323e-05,3.24249e-05,3.14713e-05,3.09944e-05,0.0156403,0.00782776,0.00392151,0.00196838,0.000991821,0.00050354,0.000259399,0.000137329,7.62939e-05,4.57764e-05,3.05176e-05,2.28882e-05,1.90735e-05,1.71661e-05,1.62125e-05,1.57356e-05,0.0156326,0.00782013,0.00391388,0.00196075,0.000984192,0.000495911,0.00025177,0.0001297,6.86646e-05,3.8147e-05,2.28882e-05,1.52588e-05,1.14441e-05,9.53674e-06,8.58307e-06,8.10623e-06,0.0156288,0.00781631,0.00391006,0.00195694,0.000980377,0.000492096,0.000247955,0.000125885,6.48499e-05,3.43323e-05,1.90735e-05,1.14441e-05,7.62939e-06,5.72205e-06,4.76837e-06,4.29153e-06,0.0156269,0.00781441,0.00390816,0.00195503,0.00097847,0.000490189,0.000246048,0.000123978,6.29425e-05,3.24249e-05,1.71661e-05,9.53674e-06,5.72205e-06,3.8147e-06,2.86102e-06,2.38419e-06,0.015626,0.00781345,0.0039072,0.00195408,0.000977516,0.000489235,0.000245094,0.000123024,6.19888e-05,3.14713e-05,1.62125e-05,8.58307e-06,4.76837e-06,2.86102e-06,1.90735e-06,1.43051e-06,0.0156255,0.00781298,0.00390673,0.0019536,0.000977039,0.000488758,0.000244617,0.000122547,6.1512e-05,3.09944e-05,1.57356e-05,8.10623e-06,4.29153e-06,2.38419e-06,1.43051e-06,9.53674e-07,},
{0.015625,0.0117188,0.00976562,0.00878906,0.00830078,0.00805664,0.00793457,0.00787354,0.00784302,0.00782776,0.00782013,0.00781631,0.00781441,0.00781345,0.00781298,0.00781274,0.0117188,0.0078125,0.00585938,0.00488281,0.00439453,0.00415039,0.00402832,0.00396729,0.00393677,0.00392151,0.00391388,0.00391006,0.00390816,0.0039072,0.00390673,0.00390649,0.00976562,0.00585938,0.00390625,0.00292969,0.00244141,0.00219727,0.0020752,0.00201416,0.00198364,0.00196838,0.00196075,0.00195694,0.00195503,0.00195408,0.0019536,0.00195336,0.00878906,0.00488281,0.00292969,0.00195312,0.00146484,0.0012207,0.00109863,0.0010376,0.00100708,0.000991821,0.000984192,0.000980377,0.00097847,0.000977516,0.000977039,0.000976801,0.00830078,0.00439453,0.00244141,0.00146484,0.000976562,0.000732422,0.000610352,0.000549316,0.000518799,0.00050354,0.000495911,0.000492096,0.000490189,0.000489235,0.000488758,0.00048852,0.00805664,0.00415039,0.00219727,0.0012207,0.000732422,0.000488281,0.000366211,0.000305176,0.000274658,0.000259399,0.00025177,0.000247955,0.000246048,0.000245094,0.000244617,0.000244379,0.00793457,0.00402832,0.0020752,0.00109863,0.000610352,0.000366211,0.000244141,0.000183105,0.000152588,0.000137329,0.0001297,0.000125885,0.000123978,0.000123024,0.000122547,0.000122309,0.00787354,0.00396729,0.00201416,0.0010376,0.000549316,0.000305176,0.000183105,0.00012207,9.15527e-05,7.62939e-05,6.86646e-05,6.48499e-05,6.29425e-05,6.19888e-05,6.1512e-05,6.12736e-05,0.00784302,0.00393677,0.00198364,0.00100708,0.000518799,0.000274658,0.000152588,9.15527e-05,6.10352e-05,4.57764e-05,3.8147e-05,3.43323e-05,3.24249e-05,3.14713e-05,3.09944e-05,3.0756e-05,0.00782776,0.00392151,0.00196838,0.000991821,0.00050354,0.000259399,0.000137329,7.62939e-05,4.57764e-05,3.05176e-05,2.28882e-05,1.90735e-05,1.71661e-05,1.62125e-05,1.57356e-05,1.54972e-05,0.00782013,0.00391388,0.00196075,0.000984192,0.000495911,0.00025177,0.0001297,6.86646e-05,3.8147e-05,2.28882e-05,1.52588e-05,1.14441e-05,9.53674e-06,8.58307e-06,8.10623e-06,7.86781e-06,0.00781631,0.00391006,0.00195694,0.000980377,0.000492096,0.000247955,0.000125885,6.48499e-05,3.43323e-05,1.90735e-05,1.14441e-05,7.62939e-06,5.72205e-06,4.76837e-06,4.29153e-06,4.05312e-06,0.00781441,0.00390816,0.00195503,0.00097847,0.000490189,0.000246048,0.000123978,6.29425e-05,3.24249e-05,1.71661e-05,9.53674e-06,5.72205e-06,3.8147e-06,2.86102e-06,2.38419e-06,2.14577e-06,0.00781345,0.0039072,0.00195408,0.000977516,0.000489235,0.000245094,0.000123024,6.19888e-05,3.14713e-05,1.62125e-05,8.58307e-06,4.76837e-06,2.86102e-06,1.90735e-06,1.43051e-06,1.19209e-06,0.00781298,0.00390673,0.0019536,0.000977039,0.000488758,0.000244617,0.000122547,6.1512e-05,3.09944e-05,1.57356e-05,8.10623e-06,4.29153e-06,2.38419e-06,1.43051e-06,9.53674e-07,7.15256e-07,0.00781274,0.00390649,0.00195336,0.000976801,0.00048852,0.000244379,0.000122309,6.12736e-05,3.0756e-05,1.54972e-05,7.86781e-06,4.05312e-06,2.14577e-06,1.19209e-06,7.15256e-07,4.76837e-07,},
{0.0078125,0.00585938,0.00488281,0.00439453,0.00415039,0.00402832,0.00396729,0.00393677,0.00392151,0.00391388,0.00391006,0.00390816,0.0039072,0.00390673,0.00390649,0.00390637,0.00585938,0.00390625,0.00292969,0.00244141,0.00219727,0.0020752,0.00201416,0.00198364,0.00196838,0.00196075,0.00195694,0.00195503,0.00195408,0.0019536,0.00195336,0.00195324,0.00488281,0.00292969,0.00195312,0.00146484,0.0012207,0.00109863,0.0010376,0.00100708,0.000991821,0.000984192,0.000980377,0.00097847,0.000977516,0.000977039,0.000976801,0.000976682,0.00439453,0.00244141,0.00146484,0.000976562,0.000732422,0.000610352,0.000549316,0.000518799,0.00050354,0.000495911,0.000492096,0.000490189,0.000489235,0.000488758,0.00048852,0.0004884,0.00415039,0.00219727,0.0012207,0.000732422,0.000488281,0.000366211,0.000305176,0.000274658,0.000259399,0.00025177,0.000247955,0.000246048,0.000245094,0.000244617,0.000244379,0.00024426,0.00402832,0.0020752,0.00109863,0.000610352,0.000366211,0.000244141,0.000183105,0.000152588,0.000137329,0.0001297,0.000125885,0.000123978,0.000123024,0.000122547,0.000122309,0.00012219,0.00396729,0.00201416,0.0010376,0.000549316,0.000305176,0.000183105,0.00012207,9.15527e-05,7.62939e-05,6.86646e-05,6.48499e-05,6.29425e-05,6.19888e-05,6.1512e-05,6.12736e-05,6.11544e-05,0.00393677,0.00198364,0.00100708,0.000518799,0.000274658,0.000152588,9.15527e-05,6.10352e-05,4.57764e-05,3.8147e-05,3.43323e-05,3.24249e-05,3.14713e-05,3.09944e-05,3.0756e-05,3.06368e-05,0.00392151,0.00196838,0.000991821,0.00050354,0.000259399,0.000137329,7.62939e-05,4.57764e-05,3.05176e-05,2.28882e-05,1.90735e-05,1.71661e-05,1.62125e-05,1.57356e-05,1.54972e-05,1.5378e-05,0.00391388,0.00196075,0.000984192,0.000495911,0.00025177,0.0001297,6.86646e-05,3.8147e-05,2.28882e-05,1.52588e-05,1.14441e-05,9.53674e-06,8.58307e-06,8.10623e-06,7.86781e-06,7.7486e-06,0.00391006,0.00195694,0.000980377,0.000492096,0.000247955,0.000125885,6.48499e-05,3.43323e-05,1.90735e-05,1.14441e-05,7.62939e-06,5.72205e-06,4.76837e-06,4.29153e-06,4.05312e-06,3.93391e-06,0.00390816,0.00195503,0.00097847,0.000490189,0.000246048,0.000123978,6.29425e-05,3.24249e-05,1.71661e-05,9.53674e-06,5.72205e-06,3.8147e-06,2.86102e-06,2.38419e-06,2.14577e-06,2.02656e-06,0.0039072,0.00195408,0.000977516,0.000489235,0.000245094,0.000123024,6.19888e-05,3.14713e-05,1.62125e-05,8.58307e-06,4.76837e-06,2.86102e-06,1.90735e-06,1.43051e-06,1.19209e-06,1.07288e-06,0.00390673,0.0019536,0.000977039,0.000488758,0.000244617,0.000122547,6.1512e-05,3.09944e-05,1.57356e-05,8.10623e-06,4.29153e-06,2.38419e-06,1.43051e-06,9.53674e-07,7.15256e-07,5.96046e-07,0.00390649,0.00195336,0.000976801,0.00048852,0.000244379,0.000122309,6.12736e-05,3.0756e-05,1.54972e-05,7.86781e-06,4.05312e-06,2.14577e-06,1.19209e-06,7.15256e-07,4.76837e-07,3.57628e-07,0.00390637,0.00195324,0.000976682,0.0004884,0.00024426,0.00012219,6.11544e-05,3.06368e-05,1.5378e-05,7.7486e-06,3.93391e-06,2.02656e-06,1.07288e-06,5.96046e-07,3.57628e-07,2.38419e-07,},
{0.00390625,0.00292969,0.00244141,0.00219727,0.0020752,0.00201416,0.00198364,0.00196838,0.00196075,0.00195694,0.00195503,0.00195408,0.0019536,0.00195336,0.00195324,0.00195318,0.00292969,0.00195312,0.00146484,0.0012207,0.00109863,0.0010376,0.00100708,0.000991821,0.000984192,0.000980377,0.00097847,0.000977516,0.000977039,0.000976801,0.000976682,0.000976622,0.00244141,0.00146484,0.000976562,0.000732422,0.000610352,0.000549316,0.000518799,0.00050354,0.000495911,0.000492096,0.000490189,0.000489235,0.000488758,0.00048852,0.0004884,0.000488341,0.00219727,0.0012207,0.000732422,0.000488281,0.000366211,0.000305176,0.000274658,0.000259399,0.00025177,0.000247955,0.000246048,0.000245094,0.000244617,0.000244379,0.00024426,0.0002442,0.0020752,0.00109863,0.000610352,0.000366211,0.000244141,0.000183105,0.000152588,0.000137329,0.0001297,0.000125885,0.000123978,0.000123024,0.000122547,0.000122309,0.00012219,0.00012213,0.00201416,0.0010376,0.000549316,0.000305176,0.000183105,0.00012207,9.15527e-05,7.62939e-05,6.86646e-05,6.48499e-05,6.29425e-05,6.19888e-05,6.1512e-05,6.12736e-05,6.11544e-05,6.10948e-05,0.00198364,0.00100708,0.000518799,0.000274658,0.000152588,9.15527e-05,6.10352e-05,4.57764e-05,3.8147e-05,3.43323e-05,3.24249e-05,3.14713e-05,3.09944e-05,3.0756e-05,3.06368e-05,3.05772e-05,0.00196838,0.000991821,0.00050354,0.000259399,0.000137329,7.62939e-05,4.57764e-05,3.05176e-05,2.28882e-05,1.90735e-05,1.71661e-05,1.62125e-05,1.57356e-05,1.54972e-05,1.5378e-05,1.53184e-05,0.00196075,0.000984192,0.000495911,0.00025177,0.0001297,6.86646e-05,3.8147e-05,2.28882e-05,1.52588e-05,1.14441e-05,9.53674e-06,8.58307e-06,8.10623e-06,7.86781e-06,7.7486e-06,7.689e-06,0.00195694,0.000980377,0.000492096,0.000247955,0.000125885,6.48499e-05,3.43323e-05,1.90735e-05,1.14441e-05,7.62939e-06,5.72205e-06,4.76837e-06,4.29153e-06,4.05312e-06,3.93391e-06,3.8743e-06,0.00195503,0.00097847,0.000490189,0.000246048,0.000123978,6.29425e-05,3.24249e-05,1.71661e-05,9.53674e-06,5.72205e-06,3.8147e-06,2.86102e-06,2.38419e-06,2.14577e-06,2.02656e-06,1.96695e-06,0.00195408,0.000977516,0.000489235,0.000245094,0.000123024,6.19888e-05,3.14713e-05,1.62125e-05,8.58307e-06,4.76837e-06,2.86102e-06,1.90735e-06,1.43051e-06,1.19209e-06,1.07288e-06,1.01328e-06,0.0019536,0.000977039,0.000488758,0.000244617,0.000122547,6.1512e-05,3.09944e-05,1.57356e-05,8.10623e-06,4.29153e-06,2.38419e-06,1.43051e-06,9.53674e-07,7.15256e-07,5.96046e-07,5.36442e-07,0.00195336,0.000976801,0.00048852,0.000244379,0.000122309,6.12736e-05,3.0756e-05,1.54972e-05,7.86781e-06,4.05312e-06,2.14577e-06,1.19209e-06,7.15256e-07,4.76837e-07,3.57628e-07,2.98023e-07,0.00195324,0.000976682,0.0004884,0.00024426,0.00012219,6.11544e-05,3.06368e-05,1.5378e-05,7.7486e-06,3.93391e-06,2.02656e-06,1.07288e-06,5.96046e-07,3.57628e-07,2.38419e-07,1.78814e-07,0.00195318,0.000976622,0.000488341,0.0002442,0.00012213,6.10948e-05,3.05772e-05,1.53184e-05,7.689e-06,3.8743e-06,1.96695e-06,1.01328e-06,5.36442e-07,2.98023e-07,1.78814e-07,1.19209e-07,},
{0.00195312,0.00146484,0.0012207,0.00109863,0.0010376,0.00100708,0.000991821,0.000984192,0.000980377,0.00097847,0.000977516,0.000977039,0.000976801,0.000976682,0.000976622,0.000976592,0.00146484,0.000976562,0.000732422,0.000610352,0.000549316,0.000518799,0.00050354,0.000495911,0.000492096,0.000490189,0.000489235,0.000488758,0.00048852,0.0004884,0.000488341,0.000488311,0.0012207,0.000732422,0.000488281,0.000366211,0.000305176,0.000274658,0.000259399,0.00025177,0.000247955,0.000246048,0.000245094,0.000244617,0.000244379,0.00024426,0.0002442,0.00024417,0.00109863,0.000610352,0.000366211,0.000244141,0.000183105,0.000152588,0.000137329,0.0001297,0.000125885,0.000123978,0.000123024,0.000122547,0.000122309,0.00012219,0.00012213,0.0001221,0.0010376,0.000549316,0.000305176,0.000183105,0.00012207,9.15527e-05,7.62939e-05,6.86646e-05,6.48499e-05,6.29425e-05,6.19888e-05,6.1512e-05,6.12736e-05,6.11544e-05,6.10948e-05,6.1065e-05,0.00100708,0.000518799,0.000274658,0.000152588,9.15527e-05,6.10352e-05,4.57764e-05,3.8147e-05,3.43323e-05,3.24249e-05,3.14713e-05,3.09944e-05,3.0756e-05,3.06368e-05,3.05772e-05,3.05474e-05,0.000991821,0.00050354,0.000259399,0.000137329,7.62939e-05,4.57764e-05,3.05176e-05,2.28882e-05,1.90735e-05,1.71661e-05,1.62125e-05,1.57356e-05,1.54972e-05,1.5378e-05,1.53184e-05,1.52886e-05,0.000984192,0.000495911,0.00025177,0.0001297,6.86646e-05,3.8147e-05,2.28882e-05,1.52588e-05,1.14441e-05,9.53674e-06,8.58307e-06,8.10623e-06,7.86781e-06,7.7486e-06,7.689e-06,7.6592e-06,0.000980377,0.000492096,0.000247955,0.000125885,6.48499e-05,3.43323e-05,1.90735e-05,1.14441e-05,7.62939e-06,5.72205e-06,4.76837e-06,4.29153e-06,4.05312e-06,3.93391e-06,3.8743e-06,3.8445e-06,0.00097847,0.000490189,0.000246048,0.000123978,6.29425e-05,3.24249e-05,1.71661e-05,9.53674e-06,5.72205e-06,3.8147e-06,2.86102e-06,2.38419e-06,2.14577e-06,2.02656e-06,1.96695e-06,1.93715e-06,0.000977516,0.000489235,0.000245094,0.000123024,6.19888e-05,3.14713e-05,1.62125e-05,8.58307e-06,4.76837e-06,2.86102e-06,1.90735e-06,1.43051e-06,1.19209e-06,1.07288e-06,1.01328e-06,9.83477e-07,0.000977039,0.000488758,0.000244617,0.000122547,6.1512e-05,3.09944e-05,1.57356e-05,8.10623e-06,4.29153e-06,2.38419e-06,1.43051e-06,9.53674e-07,7.15256e-07,5.96046e-07,5.36442e-07,5.06639e-07,0.000976801,0.00048852,0.000244379,0.000122309,6.12736e-05,3.0756e-05,1.54972e-05,7.86781e-06,4.05312e-06,2.14577e-06,1.19209e-06,7.15256e-07,4.76837e-07,3.57628e-07,2.98023e-07,2.68221e-07,0.000976682,0.0004884,0.00024426,0.00012219,6.11544e-05,3.06368e-05,1.5378e-05,7.7486e-06,3.93391e-06,2.02656e-06,1.07288e-06,5.96046e-07,3.57628e-07,2.38419e-07,1.78814e-07,1.49012e-07,0.000976622,0.000488341,0.0002442,0.00012213,6.10948e-05,3.05772e-05,1.53184e-05,7.689e-06,3.8743e-06,1.96695e-06,1.01328e-06,5.36442e-07,2.98023e-07,1.78814e-07,1.19209e-07,8.9407e-08,0.000976592,0.000488311,0.00024417,0.0001221,6.1065e-05,3.05474e-05,1.52886e-05,7.6592e-06,3.8445e-06,1.93715e-06,9.83477e-07,5.06639e-07,2.68221e-07,1.49012e-07,8.9407e-08,5.96046e-08,},
{0.000976562,0.000732422,0.000610352,0.000549316,0.000518799,0.00050354,0.000495911,0.000492096,0.000490189,0.000489235,0.000488758,0.00048852,0.0004884,0.000488341,0.000488311,0.000488296,0.000732422,0.000488281,0.000366211,0.000305176,0.000274658,0.000259399,0.00025177,0.000247955,0.000246048,0.000245094,0.000244617,0.000244379,0.00024426,0.0002442,0.00024417,0.000244156,0.000610352,0.000366211,0.000244141,0.000183105,0.000152588,0.000137329,0.0001297,0.000125885,0.000123978,0.000123024,0.000122547,0.000122309,0.00012219,0.00012213,0.0001221,0.000122085,0.000549316,0.000305176,0.000183105,0.00012207,9.15527e-05,7.62939e-05,6.86646e-05,6.48499e-05,6.29425e-05,6.19888e-05,6.1512e-05,6.12736e-05,6.11544e-05,6.10948e-05,6.1065e-05,6.10501e-05,0.000518799,0.000274658,0.000152588,9.15527e-05,6.10352e-05,4.57764e-05,3.8147e-05,3.43323e-05,3.24249e-05,3.14713e-05,3.09944e-05,3.0756e-05,3.06368e-05,3.05772e-05,3.05474e-05,3.05325e-05,0.00050354,0.000259399,0.000137329,7.62939e-05,4.57764e-05,3.05176e-05,2.28882e-05,1.90735e-05,1.71661e-05,1.62125e-05,1.57356e-05,1.54972e-05,1.5378e-05,1.53184e-05,1.52886e-05,1.52737e-05,0.000495911,0.00025177,0.0001297,6.86646e-05,3.8147e-05,2.28882e-05,1.52588e-05,1.14441e-05,9.53674e-06,8.58307e-06,8.10623e-06,7.86781e-06,7.7486e-06,7.689e-06,7.6592e-06,7.6443e-06,0.000492096,0.000247955,0.000125885,6.48499e-05,3.43323e-05,1.90735e-05,1.14441e-05,7.62939e-06,5.72205e-06,4.76837e-06,4.29153e-06,4.05312e-06,3.93391e-06,3.8743e-06,3.8445e-06,3.8296e-06,0.000490189,0.000246048,0.000123978,6.29425e-05,3.24249e-05,1.71661e-05,9.53674e-06,5.72205e-06,3.8147e-06,2.86102e-06,2.38419e-06,2.14577e-06,2.02656e-06,1.96695e-06,1.93715e-06,1.92225e-06,0.000489235,0.000245094,0.000123024,6.19888e-05,3.14713e-05,1.62125e-05,8.58307e-06,4.76837e-06,2.86102e-06,1.90735e-06,1.43051e-06,1.19209e-06,1.07288e-06,1.01328e-06,9.83477e-07,9.68575e-07,0.000488758,0.000244617,0.000122547,6.1512e-05,3.09944e-05,1.57356e-05,8.10623e-06,4.29153e-06,2.38419e-06,1.43051e-06,9.53674e-07,7.15256e-07,5.96046e-07,5.36442e-07,5.06639e-07,4.91738e-07,0.00048852,0.000244379,0.000122309,6.12736e-05,3.0756e-05,1.54972e-05,7.86781e-06,4.05312e-06,2.14577e-06,1.19209e-06,7.15256e-07,4.76837e-07,3.57628e-07,2.98023e-07,2.68221e-07,2.5332e-07,0.0004884,0.00024426,0.00012219,6.11544e-05,3.06368e-05,1.5378e-05,7.7486e-06,3.93391e-06,2.02656e-06,1.07288e-06,5.96046e-07,3.57628e-07,2.38419e-07,1.78814e-07,1.49012e-07,1.3411e-07,0.000488341,0.0002442,0.00012213,6.10948e-05,3.05772e-05,1.53184e-05,7.689e-06,3.8743e-06,1.96695e-06,1.01328e-06,5.36442e-07,2.98023e-07,1.78814e-07,1.19209e-07,8.9407e-08,7.45058e-08,0.000488311,0.00024417,0.0001221,6.1065e-05,3.05474e-05,1.52886e-05,7.6592e-06,3.8445e-06,1.93715e-06,9.83477e-07,5.06639e-07,2.68221e-07,1.49012e-07,8.9407e-08,5.96046e-08,4.47035e-08,0.000488296,0.000244156,0.000122085,6.10501e-05,3.05325e-05,1.52737e-05,7.6443e-06,3.8296e-06,1.92225e-06,9.68575e-07,4.91738e-07,2.5332e-07,1.3411e-07,7.45058e-08,4.47035e-08,2.98023e-08,},
{0.000488281,0.000366211,0.000305176,0.000274658,0.000259399,0.00025177,0.000247955,0.000246048,0.000245094,0.000244617,0.000244379,0.00024426,0.0002442,0.00024417,0.000244156,0.000244148,0.000366211,0.000244141,0.000183105,0.000152588,0.000137329,0.0001297,0.000125885,0.000123978,0.000123024,0.000122547,0.000122309,0.00012219,0.00012213,0.0001221,0.000122085,0.000122078,0.000305176,0.000183105,0.00012207,9.15527e-05,7.62939e-05,6.86646e-05,6.48499e-05,6.29425e-05,6.19888e-05,6.1512e-05,6.12736e-05,6.11544e-05,6.10948e-05,6.1065e-05,6.10501e-05,6.10426e-05,0.000274658,0.000152588,9.15527e-05,6.10352e-05,4.57764e-05,3.8147e-05,3.43323e-05,3.24249e-05,3.14713e-05,3.09944e-05,3.0756e-05,3.06368e-05,3.05772e-05,3.05474e-05,3.05325e-05,3.0525e-05,0.000259399,0.000137329,7.62939e-05,4.57764e-05,3.05176e-05,2.28882e-05,1.90735e-05,1.71661e-05,1.62125e-05,1.57356e-05,1.54972e-05,1.5378e-05,1.53184e-05,1.52886e-05,1.52737e-05,1.52662e-05,0.00025177,0.0001297,6.86646e-05,3.8147e-05,2.28882e-05,1.52588e-05,1.14441e-05,9.53674e-06,8.58307e-06,8.10623e-06,7.86781e-06,7.7486e-06,7.689e-06,7.6592e-06,7.6443e-06,7.63685e-06,0.000247955,0.000125885,6.48499e-05,3.43323e-05,1.90735e-05,1.14441e-05,7.62939e-06,5.72205e-06,4.76837e-06,4.29153e-06,4.05312e-06,3.93391e-06,3.8743e-06,3.8445e-06,3.8296e-06,3.82215e-06,0.000246048,0.000123978,6.29425e-05,3.24249e-05,1.71661e-05,9.53674e-06,5.72205e-06,3.8147e-06,2.86102e-06,2.38419e-06,2.14577e-06,2.02656e-06,1.96695e-06,1.93715e-06,1.92225e-06,1.9148e-06,0.000245094,0.000123024,6.19888e-05,3.14713e-05,1.62125e-05,8.58307e-06,4.76837e-06,2.86102e-06,1.90735e-06,1.43051e-06,1.19209e-06,1.07288e-06,1.01328e-06,9.83477e-07,9.68575e-07,9.61125e-07,0.000244617,0.000122547,6.1512e-05,3.09944e-05,1.57356e-05,8.10623e-06,4.29153e-06,2.38419e-06,1.43051e-06,9.53674e-07,7.15256e-07,5.96046e-07,5.36442e-07,5.06639e-07,4.91738e-07,4.84288e-07,0.000244379,0.000122309,6.12736e-05,3.0756e-05,1.54972e-05,7.86781e-06,4.05312e-06,2.14577e-06,1.19209e-06,7.15256e-07,4.76837e-07,3.57628e-07,2.98023e-07,2.68221e-07,2.5332e-07,2.45869e-07,0.00024426,0.00012219,6.11544e-05,3.06368e-05,1.5378e-05,7.7486e-06,3.93391e-06,2.02656e-06,1.07288e-06,5.96046e-07,3.57628e-07,2.38419e-07,1.78814e-07,1.49012e-07,1.3411e-07,1.2666e-07,0.0002442,0.00012213,6.10948e-05,3.05772e-05,1.53184e-05,7.689e-06,3.8743e-06,1.96695e-06,1.01328e-06,5.36442e-07,2.98023e-07,1.78814e-07,1.19209e-07,8.9407e-08,7.45058e-08,6.70552e-08,0.00024417,0.0001221,6.1065e-05,3.05474e-05,1.52886e-05,7.6592e-06,3.8445e-06,1.93715e-06,9.83477e-07,5.06639e-07,2.68221e-07,1.49012e-07,8.9407e-08,5.96046e-08,4.47035e-08,3.72529e-08,0.000244156,0.000122085,6.10501e-05,3.05325e-05,1.52737e-05,7.6443e-06,3.8296e-06,1.92225e-06,9.68575e-07,4.91738e-07,2.5332e-07,1.3411e-07,7.45058e-08,4.47035e-08,2.98023e-08,2.23517e-08,0.000244148,0.000122078,6.10426e-05,3.0525e-05,1.52662e-05,7.63685e-06,3.82215e-06,1.9148e-06,9.61125e-07,4.84288e-07,2.45869e-07,1.2666e-07,6.70552e-08,3.72529e-08,2.23517e-08,1.49012e-08,},
